time_index	left_time_boundary	right_time_boundary	lambda_00	Ne.high	LeftYears.high	RightYears.high	Left_generations.high	Right_generations.high	Ne.reasonable	LeftYears.reasonable	RightYears.reasonable	Left_generations.reasonable	Right_generations.reasonable	Ne.low	LeftYears.low	RightYears.low	Left_generations.low	Right_generations.low
0	0	3.25944e-06	15059.4	1109.61596226186	0	1089.31466687306	0	108.931466687306	3840.97833090644	0	1508.28184643962	0	377.070461609904	10722.7311737805	0	2105.31007732196	0	1052.65503866098
1	3.25944e-06	6.60355e-06	20514.5	814.553151287443	1089.31466687306	2206.92630280955	108.931466687306	220.692630280955	2819.60706214884	1508.28184643962	3055.74411158246	377.070461609904	763.936027895614	7871.40304849884	2105.31007732196	4265.30948908384	1052.65503866098	2132.65474454192
2	6.60355e-06	1.00368e-05	23831.9	701.167369034204	2206.92630280955	3354.32879527511	220.692630280955	335.432879527511	2427.11781588763	3055.74411158246	4644.4552549963	763.936027895614	1161.11381374907	6775.70390268629	4265.30948908384	6482.885460099	2132.65474454192	3241.4427300495
3	1.00368e-05	1.35642e-05	21980.5	760.226137807886	3354.32879527511	4533.19650136205	335.432879527511	453.319650136205	2631.55201548884	4644.4552549963	6276.73361727052	1161.11381374907	1569.18340431763	7346.41604323966	6482.885460099	8761.2740074401	3241.4427300495	4380.63700372005
4	1.35642e-05	1.7191e-05	17240.5	969.238167227531	4533.19650136205	5745.28398688569	453.319650136205	574.528398688569	3355.05519424914	6276.73361727052	7955.00859722634	1569.18340431763	1988.75214930659	9366.19575061219	8761.2740074401	11103.8661669618	4380.63700372005	5551.93308348088
5	1.7191e-05	2.09228e-05	13281.2	1258.18078352003	5745.28398688569	6992.46278871572	574.528398688569	699.246278871572	4355.24117372319	7955.00859722634	9681.87155360638	1988.75214930659	2420.4678884016	12158.3816099772	11103.8661669618	13514.2790435756	5551.93308348088	6757.13952178778
6	2.09228e-05	2.47661e-05	10810.7	1545.70477601693	6992.46278871572	8276.90522643301	699.246278871572	827.6905226433	5350.5165323663	9681.87155360638	11460.3303135226	2420.4678884016	2865.08257838065	14936.8586528559	13514.2790435756	15996.7110626253	6757.13952178778	7998.35553131266
7	2.47661e-05	2.87277e-05	9481.9	1762.32090847681	8276.90522643301	9600.88388052214	827.6905226433	960.088388052214	6100.34160626587	11460.3303135226	13293.5315268768	2865.08257838065	3323.3828817192	17030.1203174922	15996.7110626253	18555.5544229322	7998.35553131266	9277.7772114661
8	2.87277e-05	3.28151e-05	8902.06	1877.11053644732	9600.88388052214	10966.9052735764	960.088388052214	1096.69052735764	6497.6903184715	13293.5315268768	15184.9457634135	3323.3828817192	3796.23644085338	18139.3854723996	18555.5544229322	21195.6534614314	9277.7772114661	10597.8267307157
9	3.28151e-05	3.70365e-05	8807.58	1897.24653333677	10966.9052735764	12377.7098702979	1096.69052735764	1237.77098702979	6567.39184616573	15184.9457634135	17138.3675127202	3796.23644085338	4284.59187818006	18333.9689038793	21195.6534614314	23922.304653172	10597.8267307157	11961.152326586
10	3.70365e-05	4.1401e-05	9258.01	1804.93978966174	12377.7098702979	13836.3389180999	1237.77098702979	1383.63389180999	6247.86850267524	17138.3675127202	19158.0077327536	4284.59187818006	4789.50193318841	17441.966236635	23922.304653172	26741.3857936353	11961.152326586	13370.6928968176
11	4.1401e-05	4.59187e-05	9258.01	1804.93978966174	13836.3389180999	15346.1678674078	1383.63389180999	1534.61678674078	6247.86850267524	19158.0077327536	21248.5401241032	4789.50193318841	5312.13503102579	17441.966236635	26741.3857936353	29659.420589894	13370.6928968176	14829.710294947
12	4.59187e-05	5.06007e-05	10371.2	1611.20705627953	15346.1678674078	16910.90637166	1534.61678674078	1691.090637166	5577.25519481375	21248.5401241032	23415.1011299907	5312.13503102579	5853.77528249769	15569.837418855	29659.420589894	32683.5786606121	14829.710294947	16341.789330306
13	5.06007e-05	5.54594e-05	10371.2	1611.20705627953	16910.90637166	18534.6985482106	1691.090637166	1853.46985482106	5577.25519481375	23415.1011299907	25663.4287590608	5853.77528249769	6415.85718976521	15569.837418855	32683.5786606121	35821.8693095224	16341.789330306	17910.9346547612
14	5.54594e-05	6.05087e-05	11688.1	1429.67211284009	18534.6985482106	20222.1898189326	1853.46985482106	2022.21898189326	4948.86500598492	25663.4287590608	27999.9551339067	6415.85718976521	6999.98878347667	13815.5814750412	35821.8693095224	39083.2707077447	17910.9346547612	19541.6353538724
15	6.05087e-05	6.57642e-05	11688.1	1429.67211284009	20222.1898189326	21978.5937508201	2022.21898189326	2197.85937508201	4948.86500598492	27999.9551339067	30431.899039597	6999.98878347667	7607.97475989926	13815.5814750412	39083.2707077447	42477.8590761042	19541.6353538724	21238.9295380521
16	6.57642e-05	7.12434e-05	12854.4	1299.95570560168	21978.5937508201	23809.7588965908	2197.85937508201	2380.97588965908	4499.84667323659	30431.899039597	32967.3584722026	7607.97475989926	8241.83961805065	12562.0719627855	42477.8590761042	46016.9378674495	21238.9295380521	23008.4689337247
17	7.12434e-05	7.69661e-05	12854.4	1299.95570560168	23809.7588965908	25722.3024758911	2380.97588965908	2572.23024758911	4499.84667323659	32967.3584722026	35615.4957358491	8241.83961805065	8903.87393396228	12562.0719627855	46016.9378674495	49713.2961312894	23008.4689337247	24856.6480656447
18	7.69661e-05	8.29552e-05	13621	1226.79323266179	25722.3024758911	27723.8777377058	2572.23024758911	2772.38777377058	4246.59195921389	35615.4957358491	38386.9076368234	8903.87393396228	9596.72690920584	11855.0692194721	49713.2961312894	53581.7252430659	24856.6480656447	26790.862621533
19	8.29552e-05	8.92364e-05	13621	1226.79323266179	27723.8777377058	29823.0736994547	2772.38777377058	2982.30736994547	4246.59195921389	38386.9076368234	41293.4866607835	9596.72690920584	10323.3716651959	11855.0692194721	53581.7252430659	57638.8251306769	26790.862621533	28819.4125653385
20	8.92364e-05	9.584e-05	13807.5	1210.22275010583	29823.0736994547	32030.0167124149	2982.30736994547	3203.00167124149	4189.23259652018	41293.4866607835	44349.2539094976	10323.3716651959	11087.3134773744	11694.9409986188	57638.8251306769	61904.1669153403	28819.4125653385	30952.0834576702
21	9.584e-05	0.000102801	13807.5	1210.22275010583	32030.0167124149	34356.4038820218	3203.00167124149	3435.64038820218	4189.23259652018	44349.2539094976	47570.405375107	11087.3134773744	11892.6013437768	11694.9409986188	61904.1669153403	66400.3575027535	30952.0834576702	33200.1787513768
22	0.000102801	0.000110159	13285.5	1257.77355930046	34356.4038820218	36815.469647568	3435.64038820218	3681.5469647568	4353.83155142466	47570.405375107	50975.2656658633	11892.6013437768	12743.8164164658	12154.4464143938	66400.3575027535	71152.9749919342	33200.1787513768	35576.4874959671
23	0.000110159	0.000117964	13285.5	1257.77355930046	36815.469647568	39423.9241596756	3681.5469647568	3942.39241596756	4353.83155142466	50975.2656658633	54586.971913397	12743.8164164658	13646.7429783493	12154.4464143938	71152.9749919342	76194.31496245	35576.4874959671	38097.157481225
24	0.000117964	0.000126273	11996.8	1392.88398757054	39423.9241596756	42200.8169900539	3942.39241596756	4220.08169900539	4821.52149543648	54586.971913397	58431.900447767	13646.7429783493	14607.9751119417	13460.0808414268	76194.31496245	81561.194375008	38097.157481225	40780.597187504
25	0.000126273	0.000135155	11996.8	1392.88398757054	42200.8169900539	45169.2081465613	4220.08169900539	4516.92081465613	4821.52149543648	58431.900447767	62541.9805106234	14607.9751119417	15635.4951276558	13460.0808414268	81561.194375008	87298.1811294117	40780.597187504	43649.0905647059
26	0.000135155	0.000144696	9981.07	1674.18429307542	45169.2081465613	48357.8390882678	4516.92081465613	4835.78390882678	5795.25332218413	62541.9805106234	66957.0079683708	15635.4951276558	16739.2519920927	16178.4155244307	87298.1811294117	93460.8236225176	43649.0905647059	46730.4118112588
27	0.000144696	0.000155001	9981.07	1674.18429307542	48357.8390882678	51801.8011314798	4835.78390882678	5180.18011314798	5795.25332218413	66957.0079683708	71725.5707974336	16739.2519920927	17931.3926993584	16178.4155244307	93460.8236225176	100116.942571418	46730.4118112588	50058.4712857088
28	0.000155001	0.000166203	7422.87	2251.17112681298	51801.8011314798	55545.543276852	5180.18011314798	5554.5543276852	7792.515438968	71725.5707974336	76909.2137679489	17931.3926993584	19227.3034419872	21754.1056004523	100116.942571418	107352.444217762	50058.4712857088	53676.222108881
29	0.000166203	0.000178473	7422.87	2251.17112681298	55545.543276852	59646.214239512	5554.5543276852	5964.6214239512	7792.515438968	76909.2137679489	82587.0658700935	19227.3034419872	20646.7664675234	21754.1056004523	107352.444217762	115277.779443672	53676.222108881	57638.889721836
30	0.000178473	0.000192037	4724.11	3537.20608158706	59646.214239512	64179.3439002715	5964.6214239512	6417.93439002715	12244.1748978014	82587.0658700935	88863.7069388375	20646.7664675234	22215.9267347094	34181.6549230288	115277.779443672	124038.924268794	57638.889721836	62019.462134397
31	0.000192037	0.000207201	4724.11	3537.20608158706	64179.3439002715	69247.1983809379	6417.93439002715	6924.71983809379	12244.1748978014	88863.7069388375	95880.7362197601	22215.9267347094	23970.18405494	34181.6549230288	124038.924268794	133833.527640082	62019.462134397	66916.7638200409
32	0.000207201	0.000224392	2449.91	6820.72019873638	69247.1983809379	74992.4823678236	6924.71983809379	7499.24823678235	23610.1853033182	95880.7362197601	103835.744816986	23970.18405494	25958.9362042466	65911.7673050967	133833.527640082	144937.393807043	66916.7638200409	72468.6969035217
33	0.000224392	0.000244237	2449.91	6820.72019873638	74992.4823678236	81624.7411497296	7499.24823678235	8162.47411497296	23610.1853033182	103835.744816986	113018.872361164	25958.9362042466	28254.718090291	65911.7673050967	144937.393807043	157755.509337458	72468.6969035217	78877.754668729
34	0.000244237	0.000267709	994.668	16799.7267651983	81624.7411497296	89469.1542577618	8162.47411497296	8946.91542577617	58152.900341071	113018.872361164	123880.367433824	28254.718090291	30970.091858456	162343.513452156	157755.509337458	172916.346209712	78877.754668729	86458.1731048562
35	0.000267709	0.000296437	994.668	16799.7267651983	89469.1542577618	99070.1383991876	8946.91542577617	9907.01383991876	58152.900341071	123880.367433824	137174.03778349	30970.091858456	34293.5094458726	162343.513452156	172916.346209712	191472.094406122	86458.1731048562	95736.047203061
36	0.000296437	0.000333474	307.044	54422.6580623176	99070.1383991876	111448.015370992	9907.01383991876	11144.8015370992	188386.124061869	137174.03778349	154312.636667527	34293.5094458726	38578.1591668818	525911.26300605	191472.094406122	215394.72201509	95736.047203061	107697.361007545
37	0.000333474	0.000385673	307.044	54422.6580623176	111448.015370992	128893.078417437	11144.8015370992	12889.3078417437	188386.124061869	154312.636667527	178467.339347221	38578.1591668818	44616.8348368052	525911.26300605	215394.72201509	249110.661172162	107697.361007545	124555.330586081
38	0.000385673	0.00047491	136.463	122451.877960225	128893.078417437	158716.3526387	12889.3078417437	15871.63526387	423871.885246934	178467.339347221	219761.103653584	44616.8348368052	54940.275913396	1183309.01298102	249110.661172162	306749.873849794	124555.330586081	153374.936924897
39	0.00047491	Inf	136.463	122451.877960225	158716.3526387	Inf	15871.63526387	Inf	423871.885246934	219761.103653584	Inf	54940.275913396	Inf	1183309.01298102	306749.873849794	Inf	153374.936924897	Inf
